-- RS    PRES    FVF      VISC
PVTO
4.093745006e-09 9.9761374947e-04 -0.002453357188 0.009550201661
           0.600798091 7.50326168e-07 0.009550201661
           1.200598568 7.503055145e-07 0.009550201661
           1.800399045 7.502848647e-07 0.009550201661
           2.400199523 7.502642187e-07 0.009550201661
           3    7.502435755e-07 0.009550201661 /
1.002116851e-08 1.0132500000e-03 1    0.009550201661
           0.6008106 7.503261764e-07 0.009550201661
           1.20060795 7.50305523e-07 0.009550201661
           1.8004053 7.502848733e-07 0.009550201661
           2.40020265 7.502642275e-07 0.009550201661
           3    7.502435843e-07 0.009550201661 /
1.934402162e-05 5.2012979592e-02 7.503739095e-07 1.001625777
           0.6416103837 7.503536039e-07 1.001625777
           1.231207788 7.503333019e-07 1.001625777
           1.820805192 7.503130036e-07 1.001625777
           2.410402596 7.50292709e-07 1.001625777
           3    7.502724169e-07 1.001625777 /
5.372191349e-05 1.0301270918e-01 7.504234203e-07 1.001624203
           0.6824101673 7.504034662e-07 1.001624203
           1.261807626 7.503835157e-07 1.001624203
           1.841205084 7.503635687e-07 1.001624203
           2.420602542 7.503436252e-07 1.001624203
           3    7.503236842e-07 1.001624203 /
8.808021896e-05 1.5401243878e-01 7.504729018e-07 1.00162263
           0.723209951 7.504532994e-07 1.00162263
           1.292407463 7.504337003e-07 1.00162263
           1.861604976 7.504141046e-07 1.00162263
           2.430802488 7.503945123e-07 1.00162263
           3    7.503749223e-07 1.00162263 /
0.0001224189402 2.0501216837e-01 7.505223542e-07 1.001621057
           0.7640097347 7.505031033e-07 1.001621057
           1.323007301 7.504838556e-07 1.001621057
           1.882004867 7.504646112e-07 1.001621057
           2.441002434 7.504453701e-07 1.001621057
           3    7.504261313e-07 1.001621057 /
0.0001567380793 2.5601189796e-01 7.505717775e-07 1.001619484
           0.8048095184 7.505528781e-07 1.001619484
           1.353607139 7.505339818e-07 1.001619484
           1.902404759 7.505150887e-07 1.001619484
           2.45120238 7.504961988e-07 1.001619484
           3    7.50477311e-07 1.001619484 /
0.0001910376384 3.0701162755e-01 7.506211715e-07 1.001617911
           0.845609302 7.506026236e-07 1.001617911
           1.384206977 7.505840788e-07 1.001617911
           1.922804651 7.50565537e-07 1.001617911
           2.461402326 7.505469982e-07 1.001617911
           3    7.505284615e-07 1.001617911 /
0.0002253176198 3.5801135714e-01 7.506705364e-07 1.001616339
           0.8864090857 7.5065234e-07 1.001616339
           1.414806814 7.506341466e-07 1.001616339
           1.943204543 7.506159561e-07 1.001616339
           2.471602271 7.505977685e-07 1.001616339
           3    7.505795828e-07 1.001616339 /
0.0002595780255 4.0901108674e-01 7.507198721e-07 1.001614766
           0.9272088694 7.507020273e-07 1.001614766
           1.445406652 7.506841852e-07 1.001614766
           1.963604435 7.50666346e-07 1.001614766
           2.481802217 7.506485095e-07 1.001614766
           3    7.506306749e-07 1.001614766 /
0.0002938188576 4.6001081633e-01 7.507691787e-07 1.001613193
           0.9680086531 7.507516853e-07 1.001613193
           1.47600649 7.507341946e-07 1.001613193
           1.984004327 7.507167067e-07 1.001613193
           2.492002163 7.506992214e-07 1.001613193
           3    7.506817378e-07 1.001613193 /
0.0003280401185 5.1101054592e-01 7.508184561e-07 1.001611621
           1.008808437 7.508013142e-07 1.001611621
           1.506606328 7.507841749e-07 1.001611621
           2.004404218 7.507670382e-07 1.001611621
           2.502202109 7.507499041e-07 1.001611621
           3    7.507327716e-07 1.001611621 /
0.00036224181 5.6201027551e-01 7.508677043e-07 1.001610049
           1.04960822 7.508509139e-07 1.001610049
           1.537206165 7.50834126e-07 1.001610049
           2.02480411 7.508173405e-07 1.001610049
           2.512402055 7.508005576e-07 1.001610049
           3    7.507837761e-07 1.001610049 /
0.0003964239346 6.1301000510e-01 7.509169234e-07 1.001608477
           1.090408004 7.509004845e-07 1.001608477
           1.567806003 7.508840479e-07 1.001608477
           2.045204002 7.508676137e-07 1.001608477
           2.522602001 7.508511819e-07 1.001608477
           3    7.508347515e-07 1.001608477 /
0.0004305864942 6.6400973469e-01 7.509661134e-07 1.001606905
           1.131207788 7.509500259e-07 1.001606905
           1.598405841 7.509339406e-07 1.001606905
           2.065603894 7.509178577e-07 1.001606905
           2.532801947 7.509017771e-07 1.001606905
           3    7.508856977e-07 1.001606905 /
0.000464729491 7.1500946429e-01 7.510152741e-07 1.001605333
           1.172007571 7.509995381e-07 1.001605333
           1.629005679 7.509838042e-07 1.001605333
           2.086003786 7.509680726e-07 1.001605333
           2.543001893 7.50952343e-07 1.001605333
           3    7.509366147e-07 1.001605333 /
0.0004988529272 7.6600919388e-01 7.510644058e-07 1.001603761
           1.212807355 7.510490212e-07 1.001603761
           1.659605516 7.510336387e-07 1.001603761
           2.106403678 7.510182582e-07 1.001603761
           2.553201839 7.510028798e-07 1.001603761
           3    7.509875026e-07 1.001603761 /
0.0005329568049 8.1700892347e-01 7.511135083e-07 1.001602189
           1.253607139 7.510984751e-07 1.001602189
           1.690205354 7.510834439e-07 1.001602189
           2.126803569 7.510684147e-07 1.001602189
           2.563401785 7.510533875e-07 1.001602189
           3    7.510383613e-07 1.001602189 /
0.0005670411262 8.6800865306e-01 7.511625817e-07 1.001600618
           1.294406922 7.511478999e-07 1.001600618
           1.720805192 7.5113322e-07 1.001600618
           2.147203461 7.511185421e-07 1.001600618
           2.573601731 7.51103866e-07 1.001600618
           3    7.510891908e-07 1.001600618 /
0.0006011058934 9.1900838265e-01 7.512116259e-07 1.001599047
           1.335206706 7.511972955e-07 1.001599047
           1.75140503 7.51182967e-07 1.001599047
           2.167603353 7.511686402e-07 1.001599047
           2.583801677 7.511543153e-07 1.001599047
           3    7.511399912e-07 1.001599047 /
0.0006351511085 9.7000811225e-01 7.51260641e-07 1.001597475
           1.37600649 7.512466621e-07 1.001597475
           1.782004867 7.512326848e-07 1.001597475
           2.188003245 7.512187093e-07 1.001597475
           2.594001622 7.512047354e-07 1.001597475
           3    7.511907624e-07 1.001597475 /
0.0006691767737 1.0210078418e+00 7.51309627e-07 1.001595904
           1.416806273 7.512959994e-07 1.001595904
           1.812604705 7.512823735e-07 1.001595904
           2.208403137 7.512687492e-07 1.001595904
           2.604201568 7.512551264e-07 1.001595904
           3    7.512415044e-07 1.001595904 /
0.0007031828912 1.0720075714e+00 7.513585839e-07 1.001594333
           1.457606057 7.513453077e-07 1.001594333
           1.843204543 7.51332033e-07 1.001594333
           2.228803029 7.513187599e-07 1.001594333
           2.614401514 7.513054883e-07 1.001594333
           3    7.512922173e-07 1.001594333 /
0.000737169463 1.1230073010e+00 7.514075116e-07 1.001592762
           1.498405841 7.513945868e-07 1.001592762
           1.873804381 7.513816634e-07 1.001592762
           2.24920292 7.513687415e-07 1.001592762
           2.62460146 7.51355821e-07 1.001592762
           3    7.513429011e-07 1.001592762 /
0.0007711364913 1.1740070306e+00 7.514564102e-07 1.001591191
           1.539205624 7.514438367e-07 1.001591191
           1.904404218 7.514312646e-07 1.001591191
           2.269602812 7.514186939e-07 1.001591191
           2.634801406 7.514061245e-07 1.001591191
           3    7.513935557e-07 1.001591191 /
0.0008050839783 1.2250067602e+00 7.515052797e-07 1.001589621
           1.580005408 7.514930576e-07 1.001589621
           1.935004056 7.514808367e-07 1.001589621
           2.290002704 7.514686172e-07 1.001589621
           2.645001352 7.514563989e-07 1.001589621
           3    7.514441812e-07 1.001589621 /
0.0008390119261 1.2760064898e+00 7.515541201e-07 1.00158805
           1.620805192 7.515422493e-07 1.00158805
           1.965603894 7.515303797e-07 1.00158805
           2.310402596 7.515185114e-07 1.00158805
           2.655201298 7.515066442e-07 1.00158805
           3    7.514947775e-07 1.00158805 /
0.0008729203368 1.3270062194e+00 7.516029314e-07 1.00158648
           1.661604976 7.515914119e-07 1.00158648
           1.996203732 7.515798936e-07 1.00158648
           2.330802488 7.515683765e-07 1.00158648
           2.665401244 7.515568604e-07 1.00158648
           3    7.515453447e-07 1.00158648 /
0.0009068092127 1.3780059490e+00 7.516517136e-07 1.00158491
           1.702404759 7.516405454e-07 1.00158491
           2.026803569 7.516293783e-07 1.00158491
           2.35120238 7.516182124e-07 1.00158491
           2.67560119 7.516070474e-07 1.00158491
           3    7.515958828e-07 1.00158491 /
0.0009406785557 1.4290056786e+00 7.517004667e-07 1.001583339
           1.743204543 7.516896498e-07 1.001583339
           2.057403407 7.51678834e-07 1.001583339
           2.371602271 7.516680192e-07 1.001583339
           2.685801136 7.516572053e-07 1.001583339
           3    7.516463917e-07 1.001583339 /
0.0009745283681 1.4800054082e+00 7.517491906e-07 1.001581769
           1.784004327 7.517387251e-07 1.001581769
           2.088003245 7.517282605e-07 1.001581769
           2.392002163 7.517177969e-07 1.001581769
           2.696001082 7.51707334e-07 1.001581769
           3    7.516968715e-07 1.001581769 /
0.001008358652 1.5310051378e+00 7.517978855e-07 1.001580199
           1.82480411 7.517877712e-07 1.001580199
           2.118603083 7.517776579e-07 1.001580199
           2.412402055 7.517675454e-07 1.001580199
           2.706201028 7.517574336e-07 1.001580199
           3    7.517473222e-07 1.001580199 /
0.00104216941 1.5820048674e+00 7.518465513e-07 1.00157863
           1.865603894 7.518367883e-07 1.00157863
           2.14920292 7.518270262e-07 1.00157863
           2.432801947 7.518172648e-07 1.00157863
           2.716400973 7.518075042e-07 1.00157863
           3    7.517977437e-07 1.00157863 /
0.001075960643 1.6330045969e+00 7.51895188e-07 1.00157706
           1.906403678 7.518857763e-07 1.00157706
           2.179802758 7.518763653e-07 1.00157706
           2.453201839 7.518669552e-07 1.00157706
           2.726600919 7.518575456e-07 1.00157706
           3    7.518481362e-07 1.00157706 /
0.001109732354 1.6840043265e+00 7.519437956e-07 1.00157549
           1.947203461 7.519347352e-07 1.00157549
           2.210402596 7.519256754e-07 1.00157549
           2.473601731 7.519166164e-07 1.00157549
           2.736800865 7.519075578e-07 1.00157549
           3    7.518984995e-07 1.00157549 /
0.001143484546 1.7350040561e+00 7.519923742e-07 1.001573921
           1.988003245 7.519836649e-07 1.001573921
           2.241002434 7.519749564e-07 1.001573921
           2.494001622 7.519662485e-07 1.001573921
           2.747000811 7.51957541e-07 1.001573921
           3    7.519488337e-07 1.001573921 /
0.001177217219 1.7860037857e+00 7.520409236e-07 1.001572352
           2.028803029 7.520325656e-07 1.001572352
           2.271602271 7.520242083e-07 1.001572352
           2.514401514 7.520158515e-07 1.001572352
           2.757200757 7.520074951e-07 1.001572352
           3    7.519991389e-07 1.001572352 /
0.001210930377 1.8370035153e+00 7.52089444e-07 1.001570783
           2.069602812 7.520814372e-07 1.001570783
           2.302202109 7.520734311e-07 1.001570783
           2.534801406 7.520654254e-07 1.001570783
           2.767400703 7.520574201e-07 1.001570783
           3    7.520494149e-07 1.001570783 /
0.001244624021 1.8880032449e+00 7.521379353e-07 1.001569214
           2.110402596 7.521302798e-07 1.001569214
           2.332801947 7.521226247e-07 1.001569214
           2.555201298 7.521149702e-07 1.001569214
           2.777600649 7.521073159e-07 1.001569214
           3    7.520996618e-07 1.001569214 /
0.001278298154 1.9390029745e+00 7.521863975e-07 1.001567645
           2.15120238 7.521790932e-07 1.001567645
           2.363401785 7.521717894e-07 1.001567645
           2.57560119 7.521644859e-07 1.001567645
           2.787800595 7.521571827e-07 1.001567645
           3    7.521498796e-07 1.001567645 /
0.001311952778 1.9900027041e+00 7.522348307e-07 1.001566076
           2.192002163 7.522278776e-07 1.001566076
           2.394001622 7.522209249e-07 1.001566076
           2.596001082 7.522139726e-07 1.001566076
           2.798000541 7.522070204e-07 1.001566076
           3    7.522000683e-07 1.001566076 /
0.001345587894 2.0410024337e+00 7.522832348e-07 1.001564507
           2.232801947 7.522766329e-07 1.001564507
           2.42460146 7.522700313e-07 1.001564507
           2.616400973 7.522634301e-07 1.001564507
           2.808200487 7.52256829e-07 1.001564507
           3    7.52250228e-07 1.001564507 /
0.001379203506 2.0920021633e+00 7.523316099e-07 1.001562939
           2.273601731 7.523253591e-07 1.001562939
           2.455201298 7.523191087e-07 1.001562939
           2.636800865 7.523128585e-07 1.001562939
           2.818400433 7.523066085e-07 1.001562939
           3    7.523003585e-07 1.001562939 /
0.001412799614 2.1430018929e+00 7.523799558e-07 1.00156137
           2.314401514 7.523740563e-07 1.00156137
           2.485801136 7.52368157e-07 1.00156137
           2.657200757 7.523622579e-07 1.00156137
           2.828600379 7.523563589e-07 1.00156137
           3    7.5235046e-07 1.00156137 /
0.001446376222 2.1940016225e+00 7.524282728e-07 1.001559802
           2.355201298 7.524227243e-07 1.001559802
           2.516400973 7.524171762e-07 1.001559802
           2.677600649 7.524116282e-07 1.001559802
           2.838800324 7.524060802e-07 1.001559802
           3    7.524005324e-07 1.001559802 /
0.001479933332 2.2450013520e+00 7.524765607e-07 1.001558234
           2.396001082 7.524713634e-07 1.001558234
           2.547000811 7.524661663e-07 1.001558234
           2.698000541 7.524609694e-07 1.001558234
           2.84900027 7.524557725e-07 1.001558234
           3    7.524505757e-07 1.001558234 /
0.001513470945 2.2960010816e+00 7.525248195e-07 1.001556666
           2.436800865 7.525199734e-07 1.001556666
           2.577600649 7.525151274e-07 1.001556666
           2.718400433 7.525102815e-07 1.001556666
           2.859200216 7.525054357e-07 1.001556666
           3    7.525005899e-07 1.001556666 /
0.001546989063 2.3470008112e+00 7.525730493e-07 1.001555098
           2.477600649 7.525685543e-07 1.001555098
           2.608200487 7.525640594e-07 1.001555098
           2.738800324 7.525595646e-07 1.001555098
           2.869400162 7.525550698e-07 1.001555098
           3    7.52550575e-07 1.001555098 /
0.001580487689 2.3980005408e+00 7.5262125e-07 1.00155353
           2.518400433 7.526171061e-07 1.00155353
           2.638800324 7.526129623e-07 1.00155353
           2.759200216 7.526088185e-07 1.00155353
           2.879600108 7.526046748e-07 1.00155353
           3    7.526005311e-07 1.00155353 /
0.001613966826 2.4490002704e+00 7.526694217e-07 1.001551962
           2.559200216 7.526656289e-07 1.001551962
           2.669400162 7.526618362e-07 1.001551962
           2.779600108 7.526580435e-07 1.001551962
           2.889800054 7.526542508e-07 1.001551962
           3    7.526504581e-07 1.001551962 /
0.001647426474 2.5000000000e+00 7.527175644e-07 1.001550394
           2.6  7.527141227e-07 1.001550394
           2.7  7.52710681e-07 1.001550394
           2.8  7.527072393e-07 1.001550394
           2.9  7.527037977e-07 1.001550394
           3    7.527003561e-07 1.001550394 /
/
