-- SG    KRG    KROG   PCOG
SGOF
0.00000000 0.00000000 1.00000000 1.93529284
0.10000000 0.00000000 0.78773224 2.09549358
0.10918367 0.00103077 0.76909716 2.11228273
0.11836735 0.00291545 0.75061140 2.12948201
0.12755102 0.00535603 0.73227616 2.14710838
0.13673469 0.00824614 0.71409269 2.16517982
0.14591837 0.01152434 0.69606227 2.18371538
0.15510204 0.01514913 0.67818621 2.20273527
0.16428571 0.01909009 0.66046586 2.22226097
0.17346939 0.02332362 0.64290259 2.24231529
0.18265306 0.02783073 0.62549783 2.26292252
0.19183673 0.03259574 0.60825302 2.28410855
0.20102041 0.03760537 0.59116967 2.30590099
0.21020408 0.04284822 0.57424932 2.32832934
0.21938776 0.04831432 0.55749355 2.35142512
0.22857143 0.05399492 0.54090400 2.37522212
0.23775510 0.05988220 0.52448235 2.39975656
0.24693878 0.06596915 0.50823033 2.42506732
0.25612245 0.07224940 0.49214974 2.45119623
0.26530612 0.07871720 0.47624241 2.47818833
0.27448980 0.08536725 0.46051026 2.50609223
0.28367347 0.09219468 0.44495526 2.53496045
0.29285714 0.09919501 0.42957946 2.56484983
0.30204082 0.10636406 0.41438496 2.59582203
0.31122449 0.11369795 0.39937396 2.62794407
0.32040816 0.12119306 0.38454872 2.66128888
0.32959184 0.12884599 0.36991160 2.69593607
0.33877551 0.13665355 0.35546506 2.73197268
0.34795918 0.14461273 0.34121164 2.76949415
0.35714286 0.15272071 0.32715400 2.80860531
0.36632653 0.16097480 0.31329489 2.84942170
0.37551020 0.16937245 0.29963721 2.89207093
0.38469388 0.17791126 0.28618397 2.93669442
0.39387755 0.18658892 0.27293833 2.98344933
0.40306122 0.19540326 0.25990359 3.03251094
0.41224490 0.20435217 0.24708323 3.08407538
0.42142857 0.21343368 0.23448088 3.13836295
0.43061224 0.22264587 0.22210039 3.19562209
0.43979592 0.23198691 0.20994581 3.25613417
0.44897959 0.24145504 0.19802141 3.32021936
0.45816327 0.25104860 0.18633173 3.38824372
0.46734694 0.26076594 0.17488159 3.46062809
0.47653061 0.27060553 0.16367609 3.53785905
0.48571429 0.28056586 0.15272071 3.62050277
0.49489796 0.29064548 0.14202129 3.70922256
0.50408163 0.30084299 0.13158410 3.80480143
0.51326531 0.31115706 0.12141591 3.90817132
0.52244898 0.32158637 0.11152403 4.02045168
0.53163265 0.33212967 0.10191641 4.14300090
0.54081633 0.34278574 0.09260172 4.27748617
0.55000000 0.35355339 0.08358949 4.42598006
0.55918367 0.36443149 0.07489021 4.59109664
0.56836735 0.37541892 0.06651560 4.77618823
0.57755102 0.38651460 0.05847875 4.98563700
0.58673469 0.39771749 0.05079451 5.22530110
0.59591837 0.40902658 0.04347988 5.50322216
0.60510204 0.42044086 0.03655456 5.83079710
0.61428571 0.43195940 0.03004183 6.22482322
0.62346939 0.44358124 0.02396968 6.71130723
0.63265306 0.45530548 0.01837276 7.33317373
0.64183673 0.46713123 0.01329551 8.16768184
0.65102041 0.47905763 0.00879782 9.37235500
0.66020408 0.49108384 0.00496707 11.33849834
0.66938776 0.50320902 0.00194961 15.48100466
0.67857143 0.51543240 0.00009629 42.00561013
0.68775510 0.52775317 0.00000000 300.00000000
0.69693878 0.54017057 0.00000000 300.00000000
0.70612245 0.55268387 0.00000000 300.00000000
0.71530612 0.56529233 0.00000000 300.00000000
0.72448980 0.57799523 0.00000000 300.00000000
0.73367347 0.59079189 0.00000000 300.00000000
0.74285714 0.60368161 0.00000000 300.00000000
0.75204082 0.61666374 0.00000000 300.00000000
0.76122449 0.62973761 0.00000000 300.00000000
0.77040816 0.64290259 0.00000000 300.00000000
0.77959184 0.65615806 0.00000000 300.00000000
0.78877551 0.66950339 0.00000000 300.00000000
0.79795918 0.68293799 0.00000000 300.00000000
0.80714286 0.69646128 0.00000000 300.00000000
0.81632653 0.71007266 0.00000000 300.00000000
0.82551020 0.72377158 0.00000000 300.00000000
0.83469388 0.73755747 0.00000000 300.00000000
0.84387755 0.75142980 0.00000000 300.00000000
0.85306122 0.76538803 0.00000000 300.00000000
0.86224490 0.77943163 0.00000000 300.00000000
0.87142857 0.79356009 0.00000000 300.00000000
0.88061224 0.80777289 0.00000000 300.00000000
0.88979592 0.82206955 0.00000000 300.00000000
0.89897959 0.83644958 0.00000000 300.00000000
0.90816327 0.85091248 0.00000000 300.00000000
0.91734694 0.86545780 0.00000000 300.00000000
0.92653061 0.88008506 0.00000000 300.00000000
0.93571429 0.89479382 0.00000000 300.00000000
0.94489796 0.90958361 0.00000000 300.00000000
0.95408163 0.92445401 0.00000000 300.00000000
0.96326531 0.93940457 0.00000000 300.00000000
0.97244898 0.95443486 0.00000000 300.00000000
0.98163265 0.96954448 0.00000000 300.00000000
0.99081633 0.98473299 0.00000000 300.00000000
1.00000000 1.00000000 0.00000000 300.00000000
/
0.00000000 0.00000000 1.00000000 0.08654987
0.10000000 0.00000000 0.83075452 0.09206803
0.10918367 0.00103077 0.81574212 0.09262939
0.11836735 0.00291545 0.80082125 0.09320114
0.12755102 0.00535603 0.78599248 0.09378361
0.13673469 0.00824614 0.77125639 0.09437714
0.14591837 0.01152434 0.75661355 0.09498209
0.15510204 0.01514913 0.74206458 0.09559881
0.16428571 0.01909009 0.72761008 0.09622772
0.17346939 0.02332362 0.71325066 0.09686919
0.18265306 0.02783073 0.69898697 0.09752367
0.19183673 0.03259574 0.68481965 0.09819160
0.20102041 0.03760537 0.67074937 0.09887344
0.21020408 0.04284822 0.65677678 0.09956969
0.21938776 0.04831432 0.64290259 0.10028085
0.22857143 0.05399492 0.62912750 0.10100748
0.23775510 0.05988220 0.61545222 0.10175013
0.24693878 0.06596915 0.60187748 0.10250940
0.25612245 0.07224940 0.58840405 0.10328594
0.26530612 0.07871720 0.57503268 0.10408039
0.27448980 0.08536725 0.56176416 0.10489346
0.28367347 0.09219468 0.54859929 0.10572588
0.29285714 0.09919501 0.53553890 0.10657845
0.30204082 0.10636406 0.52258383 0.10745198
0.31122449 0.11369795 0.50973494 0.10834734
0.32040816 0.12119306 0.49699312 0.10926547
0.32959184 0.12884599 0.48435928 0.11020734
0.33877551 0.13665355 0.47183434 0.11117400
0.34795918 0.14461273 0.45941926 0.11216654
0.35714286 0.15272071 0.44711502 0.11318616
0.36632653 0.16097480 0.43492263 0.11423409
0.37551020 0.16937245 0.42284313 0.11531168
0.38469388 0.17791126 0.41087757 0.11642036
0.39387755 0.18658892 0.39902706 0.11756164
0.40306122 0.19540326 0.38729273 0.11873715
0.41224490 0.20435217 0.37567573 0.11994865
0.42142857 0.21343368 0.36417726 0.12119800
0.43061224 0.22264587 0.35279856 0.12248723
0.43979592 0.23198691 0.34154090 0.12381849
0.44897959 0.24145504 0.33040560 0.12519412
0.45816327 0.25104860 0.31939402 0.12661665
0.46734694 0.26076594 0.30850756 0.12808879
0.47653061 0.27060553 0.29774767 0.12961351
0.48571429 0.28056586 0.28711587 0.13119401
0.49489796 0.29064548 0.27661372 0.13283377
0.50408163 0.30084299 0.26624283 0.13453659
0.51326531 0.31115706 0.25600490 0.13630663
0.52244898 0.32158637 0.24590166 0.13814842
0.53163265 0.33212967 0.23593494 0.14006694
0.54081633 0.34278574 0.22610665 0.14206768
0.55000000 0.35355339 0.21641874 0.14415668
0.55918367 0.36443149 0.20687329 0.14634063
0.56836735 0.37541892 0.19747246 0.14862694
0.57755102 0.38651460 0.18821851 0.15102388
0.58673469 0.39771749 0.17911381 0.15354065
0.59591837 0.40902658 0.17016084 0.15618759
0.60510204 0.42044086 0.16136222 0.15897632
0.61428571 0.43195940 0.15272071 0.16191997
0.62346939 0.44358124 0.14423922 0.16503343
0.63265306 0.45530548 0.13592082 0.16833369
0.64183673 0.46713123 0.12776878 0.17184021
0.65102041 0.47905763 0.11978657 0.17557540
0.66020408 0.49108384 0.11197788 0.17956525
0.66938776 0.50320902 0.10434665 0.18384008
0.67857143 0.51543240 0.09689711 0.18843552
0.68775510 0.52775317 0.08963381 0.19339374
0.69693878 0.54017057 0.08256165 0.19876515
0.70612245 0.55268387 0.07568594 0.20461052
0.71530612 0.56529233 0.06901247 0.21100391
0.72448980 0.57799523 0.06254755 0.21803669
0.73367347 0.59079189 0.05629816 0.22582306
0.74285714 0.60368161 0.05027199 0.23450800
0.75204082 0.61666374 0.04447764 0.24427880
0.76122449 0.62973761 0.03892479 0.25538238
0.77040816 0.64290259 0.03362443 0.26815218
0.77959184 0.65615806 0.02858924 0.28305151
0.78877551 0.66950339 0.02383397 0.30074669
0.79795918 0.68293799 0.01937620 0.32223801
0.80714286 0.69646128 0.01523729 0.34911109
0.81632653 0.71007266 0.01144403 0.38406666
0.82551020 0.72377158 0.00803134 0.43218541
0.83469388 0.73755747 0.00504767 0.50454804
0.84387755 0.75142980 0.00256684 0.63212015
0.85306122 0.76538803 0.00072473 0.96354733
0.86224490 0.77943163 0.00000000 300.00000000
0.87142857 0.79356009 0.00000000 300.00000000
0.88061224 0.80777289 0.00000000 300.00000000
0.88979592 0.82206955 0.00000000 300.00000000
0.89897959 0.83644958 0.00000000 300.00000000
0.90816327 0.85091248 0.00000000 300.00000000
0.91734694 0.86545780 0.00000000 300.00000000
0.92653061 0.88008506 0.00000000 300.00000000
0.93571429 0.89479382 0.00000000 300.00000000
0.94489796 0.90958361 0.00000000 300.00000000
0.95408163 0.92445401 0.00000000 300.00000000
0.96326531 0.93940457 0.00000000 300.00000000
0.97244898 0.95443486 0.00000000 300.00000000
0.98163265 0.96954448 0.00000000 300.00000000
0.99081633 0.98473299 0.00000000 300.00000000
1.00000000 1.00000000 0.00000000 300.00000000
/
0.00000000 0.00000000 1.00000000 0.06120000
0.10000000 0.00000000 0.83448377 0.06500480
0.10918367 0.00103077 0.81978950 0.06539090
0.11836735 0.00291545 0.80518249 0.06578395
0.12755102 0.00535603 0.79066330 0.06618418
0.13673469 0.00824614 0.77623243 0.06659181
0.14591837 0.01152434 0.76189045 0.06700706
0.15510204 0.01514913 0.74763790 0.06743018
0.16428571 0.01909009 0.73347535 0.06786141
0.17346939 0.02332362 0.71940337 0.06830103
0.18265306 0.02783073 0.70542255 0.06874930
0.19183673 0.03259574 0.69153350 0.06920652
0.20102041 0.03760537 0.67773681 0.06967298
0.21020408 0.04284822 0.66403311 0.07014900
0.21938776 0.04831432 0.65042305 0.07063492
0.22857143 0.05399492 0.63690725 0.07113107
0.23775510 0.05988220 0.62348640 0.07163783
0.24693878 0.06596915 0.61016116 0.07215558
0.25612245 0.07224940 0.59693223 0.07268471
0.26530612 0.07871720 0.58380031 0.07322566
0.27448980 0.08536725 0.57076613 0.07377887
0.28367347 0.09219468 0.55783041 0.07434482
0.29285714 0.09919501 0.54499393 0.07492398
0.30204082 0.10636406 0.53225745 0.07551690
0.31122449 0.11369795 0.51962175 0.07612412
0.32040816 0.12119306 0.50708767 0.07674623
0.32959184 0.12884599 0.49465601 0.07738385
0.33877551 0.13665355 0.48232764 0.07803762
0.34795918 0.14461273 0.47010343 0.07870825
0.35714286 0.15272071 0.45798427 0.07939648
0.36632653 0.16097480 0.44597108 0.08010307
0.37551020 0.16937245 0.43406480 0.08082888
0.38469388 0.17791126 0.42226641 0.08157478
0.39387755 0.18658892 0.41057690 0.08234172
0.40306122 0.19540326 0.39899728 0.08313070
0.41224490 0.20435217 0.38752863 0.08394281
0.42142857 0.21343368 0.37617201 0.08477919
0.43061224 0.22264587 0.36492855 0.08564108
0.43979592 0.23198691 0.35379940 0.08652980
0.44897959 0.24145504 0.34278574 0.08744678
0.45816327 0.25104860 0.33188879 0.08839354
0.46734694 0.26076594 0.32110983 0.08937174
0.47653061 0.27060553 0.31045015 0.09038315
0.48571429 0.28056586 0.29991111 0.09142969
0.49489796 0.29064548 0.28949410 0.09251344
0.50408163 0.30084299 0.27920058 0.09363667
0.51326531 0.31115706 0.26903203 0.09480184
0.52244898 0.32158637 0.25899002 0.09601161
0.53163265 0.33212967 0.24907616 0.09726890
0.54081633 0.34278574 0.23929212 0.09857693
0.55000000 0.35355339 0.22963966 0.09993918
0.55918367 0.36443149 0.22012060 0.10135951
0.56836735 0.37541892 0.21073682 0.10284218
0.57755102 0.38651460 0.20149032 0.10439187
0.58673469 0.39771749 0.19238315 0.10601380
0.59591837 0.40902658 0.18341748 0.10771375
0.60510204 0.42044086 0.17459559 0.10949820
0.61428571 0.43195940 0.16591985 0.11137438
0.62346939 0.44358124 0.15739277 0.11335042
0.63265306 0.45530548 0.14901700 0.11543552
0.64183673 0.46713123 0.14079530 0.11764009
0.65102041 0.47905763 0.13273063 0.11997599
0.66020408 0.49108384 0.12482611 0.12245681
0.66938776 0.50320902 0.11708504 0.12509816
0.67857143 0.51543240 0.10951096 0.12791816
0.68775510 0.52775317 0.10210764 0.13093789
0.69693878 0.54017057 0.09487910 0.13418209
0.70612245 0.55268387 0.08782967 0.13768004
0.71530612 0.56529233 0.08096404 0.14146663
0.72448980 0.57799523 0.07428726 0.14558388
0.73367347 0.59079189 0.06780483 0.15008289
0.74285714 0.60368161 0.06152276 0.15502657
0.75204082 0.61666374 0.05544765 0.16049333
0.76122449 0.62973761 0.04958683 0.16658246
0.77040816 0.64290259 0.04394842 0.17342177
0.77959184 0.65615806 0.03854158 0.18117914
0.78877551 0.66950339 0.03337668 0.19008025
0.79795918 0.68293799 0.02846564 0.20043692
0.80714286 0.69646128 0.02382233 0.21269468
0.81632653 0.71007266 0.01946318 0.22751678
0.82551020 0.72377158 0.01540809 0.24594335
0.83469388 0.73755747 0.01168184 0.26972066
0.84387755 0.75142980 0.00831652 0.30206753
0.85306122 0.76538803 0.00535603 0.34978701
0.86224490 0.77943163 0.00286590 0.43085480
0.87142857 0.79356009 0.00096129 0.62010562
0.88061224 0.80777289 0.00000000 300.00000000
0.88979592 0.82206955 0.00000000 300.00000000
0.89897959 0.83644958 0.00000000 300.00000000
0.90816327 0.85091248 0.00000000 300.00000000
0.91734694 0.86545780 0.00000000 300.00000000
0.92653061 0.88008506 0.00000000 300.00000000
0.93571429 0.89479382 0.00000000 300.00000000
0.94489796 0.90958361 0.00000000 300.00000000
0.95408163 0.92445401 0.00000000 300.00000000
0.96326531 0.93940457 0.00000000 300.00000000
0.97244898 0.95443486 0.00000000 300.00000000
0.98163265 0.96954448 0.00000000 300.00000000
0.99081633 0.98473299 0.00000000 300.00000000
1.00000000 1.00000000 0.00000000 300.00000000
/
0.00000000 0.00000000 1.00000000 0.03870628
0.10000000 0.00000000 0.83448377 0.04111265
0.10918367 0.00103077 0.81978950 0.04135684
0.11836735 0.00291545 0.80518249 0.04160543
0.12755102 0.00535603 0.79066330 0.04185855
0.13673469 0.00824614 0.77623243 0.04211636
0.14591837 0.01152434 0.76189045 0.04237899
0.15510204 0.01514913 0.74763790 0.04264659
0.16428571 0.01909009 0.73347535 0.04291933
0.17346939 0.02332362 0.71940337 0.04319737
0.18265306 0.02783073 0.70542255 0.04348088
0.19183673 0.03259574 0.69153350 0.04377005
0.20102041 0.03760537 0.67773681 0.04406506
0.21020408 0.04284822 0.66403311 0.04436613
0.21938776 0.04831432 0.65042305 0.04467344
0.22857143 0.05399492 0.63690725 0.04498724
0.23775510 0.05988220 0.62348640 0.04530774
0.24693878 0.06596915 0.61016116 0.04563519
0.25612245 0.07224940 0.59693223 0.04596985
0.26530612 0.07871720 0.58380031 0.04631198
0.27448980 0.08536725 0.57076613 0.04666186
0.28367347 0.09219468 0.55783041 0.04701979
0.29285714 0.09919501 0.54499393 0.04738609
0.30204082 0.10636406 0.53225745 0.04776108
0.31122449 0.11369795 0.51962175 0.04814512
0.32040816 0.12119306 0.50708767 0.04853858
0.32959184 0.12884599 0.49465601 0.04894184
0.33877551 0.13665355 0.48232764 0.04935533
0.34795918 0.14461273 0.47010343 0.04977947
0.35714286 0.15272071 0.45798427 0.05021474
0.36632653 0.16097480 0.44597108 0.05066163
0.37551020 0.16937245 0.43406480 0.05112067
0.38469388 0.17791126 0.42226641 0.05159242
0.39387755 0.18658892 0.41057690 0.05207747
0.40306122 0.19540326 0.39899728 0.05257647
0.41224490 0.20435217 0.38752863 0.05309009
0.42142857 0.21343368 0.37617201 0.05361907
0.43061224 0.22264587 0.36492855 0.05416418
0.43979592 0.23198691 0.35379940 0.05472625
0.44897959 0.24145504 0.34278574 0.05530620
0.45816327 0.25104860 0.33188879 0.05590499
0.46734694 0.26076594 0.32110983 0.05652365
0.47653061 0.27060553 0.31045015 0.05716332
0.48571429 0.28056586 0.29991111 0.05782521
0.49489796 0.29064548 0.28949410 0.05851064
0.50408163 0.30084299 0.27920058 0.05922103
0.51326531 0.31115706 0.26903203 0.05995795
0.52244898 0.32158637 0.25899002 0.06072307
0.53163265 0.33212967 0.24907616 0.06151826
0.54081633 0.34278574 0.23929212 0.06234552
0.55000000 0.35355339 0.22963966 0.06320709
0.55918367 0.36443149 0.22012060 0.06410539
0.56836735 0.37541892 0.21073682 0.06504311
0.57755102 0.38651460 0.20149032 0.06602322
0.58673469 0.39771749 0.19238315 0.06704902
0.59591837 0.40902658 0.18341748 0.06812416
0.60510204 0.42044086 0.17459559 0.06925274
0.61428571 0.43195940 0.16591985 0.07043934
0.62346939 0.44358124 0.15739277 0.07168910
0.63265306 0.45530548 0.14901700 0.07300784
0.64183673 0.46713123 0.14079530 0.07440213
0.65102041 0.47905763 0.13273063 0.07587948
0.66020408 0.49108384 0.12482611 0.07744849
0.66938776 0.50320902 0.11708504 0.07911903
0.67857143 0.51543240 0.10951096 0.08090255
0.68775510 0.52775317 0.10210764 0.08281239
0.69693878 0.54017057 0.09487910 0.08486421
0.70612245 0.55268387 0.08782967 0.08707650
0.71530612 0.56529233 0.08096404 0.08947136
0.72448980 0.57799523 0.07428726 0.09207533
0.73367347 0.59079189 0.06780483 0.09492076
0.74285714 0.60368161 0.06152276 0.09804741
0.75204082 0.61666374 0.05544765 0.10150490
0.76122449 0.62973761 0.04958683 0.10535600
0.77040816 0.64290259 0.04394842 0.10968156
0.77959184 0.65615806 0.03854158 0.11458776
0.78877551 0.66950339 0.03337668 0.12021731
0.79795918 0.68293799 0.02846564 0.12676745
0.80714286 0.69646128 0.02382233 0.13451994
0.81632653 0.71007266 0.01946318 0.14389426
0.82551020 0.72377158 0.01540809 0.15554825
0.83469388 0.73755747 0.01168184 0.17058635
0.84387755 0.75142980 0.00831652 0.19104431
0.85306122 0.76538803 0.00535603 0.22122478
0.86224490 0.77943163 0.00286590 0.27249659
0.87142857 0.79356009 0.00096129 0.39218949
0.88061224 0.80777289 0.00000000 300.00000000
0.88979592 0.82206955 0.00000000 300.00000000
0.89897959 0.83644958 0.00000000 300.00000000
0.90816327 0.85091248 0.00000000 300.00000000
0.91734694 0.86545780 0.00000000 300.00000000
0.92653061 0.88008506 0.00000000 300.00000000
0.93571429 0.89479382 0.00000000 300.00000000
0.94489796 0.90958361 0.00000000 300.00000000
0.95408163 0.92445401 0.00000000 300.00000000
0.96326531 0.93940457 0.00000000 300.00000000
0.97244898 0.95443486 0.00000000 300.00000000
0.98163265 0.96954448 0.00000000 300.00000000
0.99081633 0.98473299 0.00000000 300.00000000
1.00000000 1.00000000 0.00000000 300.00000000
/
0.00000000 0.00000000 1.00000000 0.03060000
0.10000000 0.00000000 0.83448377 0.03250240
0.10918367 0.00103077 0.81978950 0.03269545
0.11836735 0.00291545 0.80518249 0.03289198
0.12755102 0.00535603 0.79066330 0.03309209
0.13673469 0.00824614 0.77623243 0.03329591
0.14591837 0.01152434 0.76189045 0.03350353
0.15510204 0.01514913 0.74763790 0.03371509
0.16428571 0.01909009 0.73347535 0.03393071
0.17346939 0.02332362 0.71940337 0.03415052
0.18265306 0.02783073 0.70542255 0.03437465
0.19183673 0.03259574 0.69153350 0.03460326
0.20102041 0.03760537 0.67773681 0.03483649
0.21020408 0.04284822 0.66403311 0.03507450
0.21938776 0.04831432 0.65042305 0.03531746
0.22857143 0.05399492 0.63690725 0.03556554
0.23775510 0.05988220 0.62348640 0.03581892
0.24693878 0.06596915 0.61016116 0.03607779
0.25612245 0.07224940 0.59693223 0.03634236
0.26530612 0.07871720 0.58380031 0.03661283
0.27448980 0.08536725 0.57076613 0.03688944
0.28367347 0.09219468 0.55783041 0.03717241
0.29285714 0.09919501 0.54499393 0.03746199
0.30204082 0.10636406 0.53225745 0.03775845
0.31122449 0.11369795 0.51962175 0.03806206
0.32040816 0.12119306 0.50708767 0.03837312
0.32959184 0.12884599 0.49465601 0.03869192
0.33877551 0.13665355 0.48232764 0.03901881
0.34795918 0.14461273 0.47010343 0.03935413
0.35714286 0.15272071 0.45798427 0.03969824
0.36632653 0.16097480 0.44597108 0.04005154
0.37551020 0.16937245 0.43406480 0.04041444
0.38469388 0.17791126 0.42226641 0.04078739
0.39387755 0.18658892 0.41057690 0.04117086
0.40306122 0.19540326 0.39899728 0.04156535
0.41224490 0.20435217 0.38752863 0.04197140
0.42142857 0.21343368 0.37617201 0.04238959
0.43061224 0.22264587 0.36492855 0.04282054
0.43979592 0.23198691 0.35379940 0.04326490
0.44897959 0.24145504 0.34278574 0.04372339
0.45816327 0.25104860 0.33188879 0.04419677
0.46734694 0.26076594 0.32110983 0.04468587
0.47653061 0.27060553 0.31045015 0.04519157
0.48571429 0.28056586 0.29991111 0.04571484
0.49489796 0.29064548 0.28949410 0.04625672
0.50408163 0.30084299 0.27920058 0.04681834
0.51326531 0.31115706 0.26903203 0.04740092
0.52244898 0.32158637 0.25899002 0.04800580
0.53163265 0.33212967 0.24907616 0.04863445
0.54081633 0.34278574 0.23929212 0.04928846
0.55000000 0.35355339 0.22963966 0.04996959
0.55918367 0.36443149 0.22012060 0.05067976
0.56836735 0.37541892 0.21073682 0.05142109
0.57755102 0.38651460 0.20149032 0.05219594
0.58673469 0.39771749 0.19238315 0.05300690
0.59591837 0.40902658 0.18341748 0.05385688
0.60510204 0.42044086 0.17459559 0.05474910
0.61428571 0.43195940 0.16591985 0.05568719
0.62346939 0.44358124 0.15739277 0.05667521
0.63265306 0.45530548 0.14901700 0.05771776
0.64183673 0.46713123 0.14079530 0.05882005
0.65102041 0.47905763 0.13273063 0.05998800
0.66020408 0.49108384 0.12482611 0.06122840
0.66938776 0.50320902 0.11708504 0.06254908
0.67857143 0.51543240 0.10951096 0.06395908
0.68775510 0.52775317 0.10210764 0.06546895
0.69693878 0.54017057 0.09487910 0.06709105
0.70612245 0.55268387 0.08782967 0.06884002
0.71530612 0.56529233 0.08096404 0.07073332
0.72448980 0.57799523 0.07428726 0.07279194
0.73367347 0.59079189 0.06780483 0.07504145
0.74285714 0.60368161 0.06152276 0.07751329
0.75204082 0.61666374 0.05544765 0.08024667
0.76122449 0.62973761 0.04958683 0.08329123
0.77040816 0.64290259 0.04394842 0.08671089
0.77959184 0.65615806 0.03854158 0.09058958
0.78877551 0.66950339 0.03337668 0.09504013
0.79795918 0.68293799 0.02846564 0.10021847
0.80714286 0.69646128 0.02382233 0.10634735
0.81632653 0.71007266 0.01946318 0.11375840
0.82551020 0.72377158 0.01540809 0.12297169
0.83469388 0.73755747 0.01168184 0.13486035
0.84387755 0.75142980 0.00831652 0.15103380
0.85306122 0.76538803 0.00535603 0.17489355
0.86224490 0.77943163 0.00286590 0.21542749
0.87142857 0.79356009 0.00096129 0.31005307
0.88061224 0.80777289 0.00000000 300.00000000
0.88979592 0.82206955 0.00000000 300.00000000
0.89897959 0.83644958 0.00000000 300.00000000
0.90816327 0.85091248 0.00000000 300.00000000
0.91734694 0.86545780 0.00000000 300.00000000
0.92653061 0.88008506 0.00000000 300.00000000
0.93571429 0.89479382 0.00000000 300.00000000
0.94489796 0.90958361 0.00000000 300.00000000
0.95408163 0.92445401 0.00000000 300.00000000
0.96326531 0.93940457 0.00000000 300.00000000
0.97244898 0.95443486 0.00000000 300.00000000
0.98163265 0.96954448 0.00000000 300.00000000
0.99081633 0.98473299 0.00000000 300.00000000
1.00000000 1.00000000 0.00000000 300.00000000
/
0.00000000 0.00000000 1.00000000 0.02560180
0.10000000 0.00000000 0.83805248 0.02715481
0.10918367 0.00103077 0.82366323 0.02731202
0.11836735 0.00291545 0.80935728 0.02747200
0.12755102 0.00535603 0.79513513 0.02763483
0.13673469 0.00824614 0.78099728 0.02780059
0.14591837 0.01152434 0.76694422 0.02796936
0.15510204 0.01514913 0.75297648 0.02814125
0.16428571 0.01909009 0.73909458 0.02831634
0.17346939 0.02332362 0.72529906 0.02849474
0.18265306 0.02783073 0.71159045 0.02867656
0.19183673 0.03259574 0.69796931 0.02886191
0.20102041 0.03760537 0.68443621 0.02905089
0.21020408 0.04284822 0.67099173 0.02924364
0.21938776 0.04831432 0.65763645 0.02944027
0.22857143 0.05399492 0.64437096 0.02964093
0.23775510 0.05988220 0.63119590 0.02984574
0.24693878 0.06596915 0.61811187 0.03005486
0.25612245 0.07224940 0.60511952 0.03026844
0.26530612 0.07871720 0.59221949 0.03048664
0.27448980 0.08536725 0.57941247 0.03070962
0.28367347 0.09219468 0.56669911 0.03093757
0.29285714 0.09919501 0.55408012 0.03117068
0.30204082 0.10636406 0.54155622 0.03140913
0.31122449 0.11369795 0.52912812 0.03165314
0.32040816 0.12119306 0.51679657 0.03190293
0.32959184 0.12884599 0.50456234 0.03215873
0.33877551 0.13665355 0.49242621 0.03242078
0.34795918 0.14461273 0.48038896 0.03268934
0.35714286 0.15272071 0.46845143 0.03296468
0.36632653 0.16097480 0.45661445 0.03324711
0.37551020 0.16937245 0.44487889 0.03353692
0.38469388 0.17791126 0.43324563 0.03383444
0.39387755 0.18658892 0.42171557 0.03414003
0.40306122 0.19540326 0.41028965 0.03445405
0.41224490 0.20435217 0.39896883 0.03477689
0.42142857 0.21343368 0.38775409 0.03510899
0.43061224 0.22264587 0.37664644 0.03545078
0.43979592 0.23198691 0.36564693 0.03580276
0.44897959 0.24145504 0.35475663 0.03616543
0.45816327 0.25104860 0.34397665 0.03653935
0.46734694 0.26076594 0.33330813 0.03692511
0.47653061 0.27060553 0.32275224 0.03732336
0.48571429 0.28056586 0.31231020 0.03773477
0.49489796 0.29064548 0.30198327 0.03816010
0.50408163 0.30084299 0.29177274 0.03860014
0.51326531 0.31115706 0.28167995 0.03905576
0.52244898 0.32158637 0.27170630 0.03952791
0.53163265 0.33212967 0.26185322 0.04001761
0.54081633 0.34278574 0.25212222 0.04052597
0.55000000 0.35355339 0.24251483 0.04105421
0.55918367 0.36443149 0.23303268 0.04160366
0.56836735 0.37541892 0.22367743 0.04217577
0.57755102 0.38651460 0.21445084 0.04277216
0.58673469 0.39771749 0.20535472 0.04339459
0.59591837 0.40902658 0.19639097 0.04404500
0.60510204 0.42044086 0.18756158 0.04472556
0.61428571 0.43195940 0.17886863 0.04543868
0.62346939 0.44358124 0.17031428 0.04618704
0.63265306 0.45530548 0.16190082 0.04697363
0.64183673 0.46713123 0.15363066 0.04780182
0.65102041 0.47905763 0.14550632 0.04867543
0.66020408 0.49108384 0.13753047 0.04959876
0.66938776 0.50320902 0.12970591 0.05057670
0.67857143 0.51543240 0.12203565 0.05161487
0.68775510 0.52775317 0.11452284 0.05271972
0.69693878 0.54017057 0.10717087 0.05389869
0.70612245 0.55268387 0.09998331 0.05516047
0.71530612 0.56529233 0.09296404 0.05651522
0.72448980 0.57799523 0.08611718 0.05797497
0.73367347 0.59079189 0.07944719 0.05955400
0.74285714 0.60368161 0.07295889 0.06126951
0.75204082 0.61666374 0.06665752 0.06314235
0.76122449 0.62973761 0.06054879 0.06519815
0.77040816 0.64290259 0.05463900 0.06746878
0.77959184 0.65615806 0.04893506 0.06999447
0.78877551 0.66950339 0.04344471 0.07282684
0.79795918 0.68293799 0.03817659 0.07603346
0.80714286 0.69646128 0.03314051 0.07970472
0.81632653 0.71007266 0.02834770 0.08396491
0.82551020 0.72377158 0.02381121 0.08899043
0.83469388 0.73755747 0.01954641 0.09504182
0.84387755 0.75142980 0.01557188 0.10252349
0.85306122 0.76538803 0.01191061 0.11210521
0.86224490 0.77943163 0.00859211 0.12499823
0.87142857 0.79356009 0.00565632 0.14368972
0.88061224 0.80777289 0.00316175 0.17443270
0.88979592 0.82206955 0.00120725 0.24043886
0.89897959 0.83644958 0.00003818 0.76033330
0.90816327 0.85091248 0.00000000 300.00000000
0.91734694 0.86545780 0.00000000 300.00000000
0.92653061 0.88008506 0.00000000 300.00000000
0.93571429 0.89479382 0.00000000 300.00000000
0.94489796 0.90958361 0.00000000 300.00000000
0.95408163 0.92445401 0.00000000 300.00000000
0.96326531 0.93940457 0.00000000 300.00000000
0.97244898 0.95443486 0.00000000 300.00000000
0.98163265 0.96954448 0.00000000 300.00000000
0.99081633 0.98473299 0.00000000 300.00000000
1.00000000 1.00000000 0.00000000 300.00000000
/
